ctyri datove sety z normalniho rozdeleni, doba zivota v tisicihodinach

I. 100 hodnot, N(2.01, 0.16), s psti 0.05 rovnomerne rozdeleni R(0,2)    .... standardni zarovky, standardni technologie
II. 80 hodnot, N(2.01, 0.16), s psti 0.05 rovnomerne rozdeleni R(0,2)    .... levnejsi vyrobni technologie
III. 30 hodnot, N(2.1, 0.16), s psti 0.05 rovnomerne rozdeleni R(0,2)    .... novy typ vlakna
IV. 30 hodnot, N(2.6, 0.25), s psti 0.05 rovnomerne rozdeleni R(0,2)    .... novy typ vlakna II



ulohy:

1) zakladni exploratorni statistika pro vsechny ctyri soubory: str. hodnota, rozptyl, odchylka, box plot, krivost, spicatost
2) intervalovy odhad pro str. hodnotu u prvniho vzorku, test \mu > 2
3) kolmogorovuv test pro porovnani prvniho a druheho vzorku, zda jsou ze stejneho rozdeleni
4) test dobre shody pro souhrnna data I a II na normalni rozdeleni
5) test shody rozpylu I,III a I,IV
6) ANOVA I+II, III, IV



  [1] 2.006252 2.009583 2.015499 1.993486 2.019101 1.999064 2.007543 2.019946
  [9] 2.013901 2.024888 2.034408 2.010259 1.991503 1.975407 2.025720 2.002650
 [17] 1.984628 1.998977 2.019204 2.007851 2.008110 2.006458 2.014348 2.008908
 [25] 2.006359 2.005010 2.005514 2.008271 2.018144 2.015529 2.005502 2.017465
 [33] 2.041236 2.008894 2.010652 2.006617 2.016801 2.039764 2.015785 2.012697
 [41] 2.015029 2.008954 2.012116 2.007798 1.998213 2.006644 1.999697 2.022462
 [49] 2.006460 2.033153 2.027270 2.012389 1.984216 1.995490 1.980156 2.000374
 [57] 2.007416 1.999069 2.013774 2.017522 1.989657 2.026479 2.018004 1.998461
 [65] 2.012742 1.999164 2.020390 2.004809 2.001012 2.001414 1.994008 2.003758
 [73] 2.001983 2.002936 2.012709 1.983646 2.022501 2.021510 2.029630 2.013817
 [81] 2.002944 2.009525 2.015066 2.004503 2.026180 2.017722 2.007691 2.031530
 [89] 2.016902 1.999399 1.999777 2.000183 2.005937 1.984789 2.014616 2.014837
 [97] 1.997958 2.031251 2.004137 1.975752


 [1] 2.007499 2.000231 1.999749 2.003737 2.003068 2.018634 2.025152 2.001700
 [9] 2.011210 2.005850 2.004415 2.011004 2.005359 2.018413 2.026882 2.008446
[17] 2.008806 1.993135 2.001371 2.007468 2.027417 2.011648 2.024478 2.000580
[25] 2.017435 2.019103 1.996713 2.004036 2.011136 2.024480 2.009171 2.001259
[33] 2.019783 2.011821 2.015467 1.996217 2.006371 2.007800 2.007910 2.021497
[41] 2.011610 2.003035 2.010029 2.024495 2.006097 2.004364 2.012843 2.004385
[49] 2.007480 1.996277 2.020629 2.012001 2.016351 2.002289 2.017054 2.003065
[57] 2.010555 2.011227 2.019717 2.011002 2.011564 2.008634 2.007970 2.007024
[65] 2.015761 2.010004 2.011978 2.027438 1.999141 2.021277 2.008777 2.013203
[73] 2.049083 2.032984 2.012409 2.011919 2.001120 1.994065 2.015311 2.003917


 [1] 2.112780 2.079441 2.101667 2.099564 2.064876 2.070817 2.120188 2.133371
 [9] 2.119606 2.107153 2.090203 2.094027 2.094377 2.084747 2.133412 2.088715
[17] 2.091509 2.113711 2.100123 2.106818 2.072081 2.109068 2.104841 2.070680
[25] 2.120813 2.106790 2.124920 2.115238 2.095474 2.118855 2.133120 2.098091
[33] 2.111448 2.066775 2.067242 2.096883 2.086557 2.096489 2.111849 2.076907
[41] 2.134733 2.127949 2.141029 2.092265 2.103785 2.071470 2.112379 2.098705
[49] 2.109994 2.118485 2.049333 2.090446 2.079276 2.063415 2.074001 2.093087
[57] 2.080068 2.077189 2.106833 2.058649 2.090876 2.100949 2.087549 2.127680
[65] 2.094343 2.107192 2.068472 2.100532 2.077737 2.126967 2.086928 2.129470
[73] 2.074107 2.144217 2.099098 2.120498 2.121959 2.098991 2.105390 2.123898


 [1] 2.420755 2.358211 2.510728 2.399617 2.487298 2.562336 2.661952 2.467173
 [9] 2.433601 2.342758 2.426264 2.420498 2.441994 2.373740 2.490050 2.442148
[17] 2.283245 2.591985 2.353319 2.424614 2.404267 2.338314 2.395279 2.273037
[25] 2.413417 2.387472 2.515606 2.520652 2.321716 2.366037 2.415956 2.438371
[33] 2.411144 2.365255 2.360981 2.368953 2.447034 2.377546 2.215460 2.470321
[41] 2.291449 2.407717 2.364389 2.410037 2.234093 2.319846 2.331414 2.411963
[49] 2.446282 2.324678 2.548300 2.539287 2.506085 2.466156 2.412848 2.318010
[57] 2.416949 2.423614 2.294828 2.334035 2.487123 2.439307 2.306883 2.452790
[65] 2.361071 2.410803 2.442640 2.490066 2.431005 2.462921 2.486914 2.514055
[73] 2.437168 2.368865 2.420586 2.327001 2.355964 2.317011 2.314253 2.353984
